((((((((((((Homo_sapiens:0.010181,
           Pan_troglodytes:0.002566):0.001685,
          Pan_paniscus:0.002558):0.005675,
         Gorilla_gorilla_gorilla:0.008571):0.009329,
        Pongo_pygmaeus_abelii:0.018376):0.003289,
       Nomascus_leucogenys:0.022488):0.01112,
      (((((Macaca_mulatta:0.002662,
          (Macaca_fascicularis:0.002182,
          Macaca_nemestrina:0.004241):0.001717):0.006067,
         Cercocebus_atys:0.006716):0.001649,
        Papio_anubis:0.006918):0.001719,
       (Chlorocebus_sabaeus:0.01635,
       Mandrillus_leucophaeus:0.006991):0.001659):0.009336,
      ((Nasalis_larvatus:0.007683,
       Colobus_angolensis_palliatus:0.016393):0.001674,
      (Rhinopithecus_roxellana:0.002132,
      Rhinopithecus_bieti:0.002228):0.005773):0.010423):0.021406):0.020614,
     (((Callithrix_jacchus:0.035846,
       Saimiri_boliviensis:0.032406):0.001737,
      Cebus_capucinus_imitator:0.028312):0.002021,
     Aotus_nancymaae:0.023239):0.037859):0.060675,
    Tarsius_syrichta:0.142222):0.011174,
   (((Microcebus_murinus:0.056365,
     Propithecus_coquereli:0.038818):0.005304,
    (Eulemur_macaco:0.002184,
    Eulemur_flavifrons:0.002286):0.041054):0.037079,
   Otolemur_garnettii:0.132725):0.033553):0.017862,
  Mus_musculus:0.344583):0.024148,
 Canis_lupus_familiaris:0.163902):0.088083,
Dasypus_novemcinctus:0.088083);
